Iteration   1  :
joint vector  :
 [ 6.07542785 -1.98551969 -1.04484152  2.36178376  3.06676078 -2.24933869]
SE(3) end-effector config  : 
 [[-0.01808077  0.98877948 -0.1482843  -0.48082055]
 [-0.04414491 -0.1489534  -0.98785835  0.12918445]
 [-0.99886151 -0.01131524  0.04634278  0.4507379 ]
 [ 0.          0.          0.          1.        ]]
error twist V_b : 
 [-0.14922872  0.04542951  0.01475832  0.35148111 -0.01457437  0.02252392]
angular error magnitude ||omega_b|| :  0.1566871344509676
linear error magnitude ||v_b|| :  0.35250348756284555
Iteration   2  :
joint vector  :
 [ 6.15579595 -1.73914118 -2.12725661  4.25922389  3.04216737 -1.17987174]
SE(3) end-effector config  : 
 [[ 1.19471271e-03  9.99370388e-01 -3.54598307e-02 -3.86847760e-01]
 [ 3.79789228e-02 -3.54796186e-02 -9.98648486e-01  7.71774488e-02]
 [-9.99277826e-01 -1.53628139e-04 -3.79973988e-02  1.57220326e-01]
 [ 0.00000000e+00  0.00000000e+00  0.00000000e+00  1.00000000e+00]]
error twist V_b : 
 [-0.03548571 -0.03800529 -0.00052078  0.05760491 -0.11355381 -0.01972253]
angular error magnitude ||omega_b|| :  0.05199912357511922
linear error magnitude ||v_b|| :  0.12884785838866855
Iteration   3  :
joint vector  :
 [ 6.12778468 -2.16921482 -1.72290598  3.68723878  2.9979628  -1.77621314]
SE(3) end-effector config  : 
 [[-0.0030156   0.99988699 -0.01472812 -0.48500132]
 [-0.02907999 -0.01480964 -0.99946737  0.10416612]
 [-0.99957254 -0.0025857   0.02912136  0.08216775]
 [ 0.          0.          0.          1.        ]]
error twist V_b : 
 [-0.01477152  0.02910588  0.00280115 -0.01774882 -0.01499194  0.004536  ]
angular error magnitude ||omega_b|| :  0.03275968032298874
linear error magnitude ||v_b|| :  0.02367179776667439
Iteration   4  :
joint vector  :
 [ 6.13996359 -2.12158334 -1.72581757  3.84550467  3.0013629  -1.57287103]
SE(3) end-effector config  : 
 [[-1.97868481e-04  9.99995504e-01 -2.99219936e-03 -4.99950629e-01]
 [-2.64446981e-04 -2.99225164e-03 -9.99995488e-01  1.00189977e-01]
 [-9.99999945e-01 -1.97076310e-04  2.65037864e-04  1.01899403e-01]
 [ 0.00000000e+00  0.00000000e+00  0.00000000e+00  1.00000000e+00]]
error twist V_b : 
 [-2.99223002e-03  2.64742822e-04  1.97472693e-04  1.89943265e-03
 -4.88988546e-05  1.89799159e-04]
angular error magnitude ||omega_b|| :  0.003010402748497264
linear error magnitude ||v_b|| :  0.0019095180537796793
Iteration   5  :
joint vector  :
 [ 6.14040465 -2.12454392 -1.72694201  3.8515223   2.99881227 -1.57076003]
SE(3) end-effector config  : 
 [[ 2.92521701e-07  1.00000000e+00 -2.80091473e-07 -4.99997030e-01]
 [ 5.17591788e-06 -2.80092987e-07 -1.00000000e+00  9.99995875e-02]
 [-1.00000000e+00  2.92520251e-07 -5.17591796e-06  1.00000346e-01]
 [ 0.00000000e+00  0.00000000e+00  0.00000000e+00  1.00000000e+00]]
error twist V_b : 
 [-2.80092230e-07 -5.17591792e-06 -2.92520976e-07  3.45976064e-07
 -2.97035306e-06 -4.12543081e-07]
angular error magnitude ||omega_b|| :  5.191738288432979e-06
linear error magnitude ||v_b|| :  3.018756128130464e-06
